cube starts setting up!
cube Vertices set up
cube Edges set up
cube Faces set up
Key release detected
Key press detected
Edge 0 toStr is: x: -0.5 y: 0.5 z: 0.5 x: 0.5 y: 0.5 z: 0.5
Edge 1 toStr is: x: 0.5 y: 0.5 z: 0.5 x: 0.5 y: 0.5 z: -0.5
Edge 2 toStr is: x: 0.5 y: 0.5 z: -0.5 x: -0.5 y: 0.5 z: -0.5
Edge 3 toStr is: x: -0.5 y: 0.5 z: -0.5 x: -0.5 y: 0.5 z: 0.5
Edge 4 toStr is: x: 0.5 y: 0.5 z: 0.5 x: -0.5 y: 0.5 z: -0.5
Edge 5 toStr is: x: 0.5 y: -0.5 z: 0.5 x: 0.5 y: 0.5 z: 0.5
Edge 6 toStr is: x: -0.5 y: -0.5 z: 0.5 x: 0.5 y: -0.5 z: 0.5
Edge 7 toStr is: x: -0.5 y: -0.5 z: 0.5 x: -0.5 y: 0.5 z: 0.5
Edge 8 toStr is: x: 0.5 y: 0.5 z: 0.5 x: -0.5 y: -0.5 z: 0.5
Edge 9 toStr is: x: -0.5 y: -0.5 z: 0.5 x: -0.5 y: -0.5 z: -0.5
Edge 10 toStr is: x: 0.5 y: -0.5 z: -0.5 x: 0.5 y: -0.5 z: 0.5
Edge 11 toStr is: x: -0.5 y: -0.5 z: -0.5 x: 0.5 y: -0.5 z: -0.5
Edge 12 toStr is: x: -0.5 y: -0.5 z: -0.5 x: 0.5 y: -0.5 z: 0.5
Edge 13 toStr is: x: -0.5 y: 0.5 z: -0.5 x: -0.5 y: -0.5 z: -0.5
Edge 14 toStr is: x: 0.5 y: -0.5 z: -0.5 x: 0.5 y: 0.5 z: -0.5
Edge 15 toStr is: x: -0.5 y: -0.5 z: -0.5 x: 0.5 y: 0.5 z: -0.5
Edge 16 toStr is: x: -0.5 y: 0.5 z: 0.5 x: -0.5 y: -0.5 z: -0.5
Edge 17 toStr is: x: 0.5 y: 0.5 z: 0.5 x: 0.5 y: -0.5 z: -0.5

loop
loop
loop
loop
loop
loop
loop
loop
loop
loop
loop
loop
owch x: 0 y: 0.5 z: -0.5
owch x: 0.0625 y: 0.75 z: 0.0625
owch x: 0.5625 y: 0.5625 z: -0.125
owch x: 0.5 y: 0.5 z: -0.5
owch x: -0.5 y: 0.5 z: -0.5
owch x: 0.5 y: 0.5 z: 0.5
owch x: -0.5 y: 0.5 z: 0
owch x: -0.125 y: 0.5625 z: 0.5625
owch x: -0.5 y: 0.5 z: 0.5
owch x: -0.5 y: 0 z: 0.5
owch x: 0.0625 y: 0.0625 z: 0.75
owch x: -0.5 y: -0.5 z: 0.5
owch x: 0 y: -0.5 z: 0.5
owch x: 0.5625 y: -0.125 z: 0.5625
owch x: 0.5 y: -0.5 z: 0.5
owch x: -0.5625 y: -0.5625 z: 0.125
owch x: -0.0625 y: -0.75 z: -0.0625
owch x: -0.5 y: -0.5 z: -0.5
owch x: 0.125 y: -0.5625 z: -0.5625
owch x: 0.5 y: -0.5 z: 0
owch x: 0.5 y: -0.5 z: -0.5
owch x: 0.5 y: 0 z: -0.5
owch x: -0.0625 y: -0.0625 z: -0.75
owch x: -0.5625 y: 0.125 z: -0.5625
owch x: -0.75 y: -0.0625 z: -0.0625
owch x: 0.75 y: 0.0625 z: 0.0625

 ---- face 0 drawn at: 
x: 0.5 y: 0.5 z: -0.5
x: 0.5625 y: 0.5625 z: -0.125
x: 0 y: 0.5 z: -0.5
 ---- face 1 drawn at: 
x: -0.5 y: 0.5 z: -0.5
x: 0 y: 0.5 z: -0.5
x: 0.0625 y: 0.75 z: 0.0625
 ---- face 2 drawn at: 
x: 0.5 y: 0.5 z: 0.5
x: 0.0625 y: 0.75 z: 0.0625
x: 0.5625 y: 0.5625 z: -0.125
 ---- face 3 drawn at: 
x: 0 y: 0.5 z: -0.5
x: 0.5625 y: 0.5625 z: -0.125
x: 0.0625 y: 0.75 z: 0.0625
 ---- face 4 drawn at: 
x: -0.5 y: 0.5 z: -0.5
x: 0.0625 y: 0.75 z: 0.0625
x: -0.5 y: 0.5 z: 0
 ---- face 5 drawn at: 
x: -0.5 y: 0.5 z: 0.5
x: -0.5 y: 0.5 z: 0
x: -0.125 y: 0.5625 z: 0.5625
 ---- face 6 drawn at: 
x: -0.5 y: 0.5 z: 0.5
x: -0.125 y: 0.5625 z: 0.5625
x: 0.0625 y: 0.75 z: 0.0625
 ---- face 7 drawn at: 
x: -0.5 y: 0.5 z: 0
x: 0.0625 y: 0.75 z: 0.0625
x: -0.125 y: 0.5625 z: 0.5625
 ---- face 8 drawn at: 
x: -0.5 y: -0.5 z: 0.5
x: 0.0625 y: 0.0625 z: 0.75
x: -0.5 y: 0 z: 0.5
 ---- face 9 drawn at: 
x: -0.5 y: 0.5 z: 0.5
x: -0.5 y: 0 z: 0.5
x: -0.125 y: 0.5625 z: 0.5625
 ---- face 10 drawn at: 
x: -0.5 y: 0.5 z: 0.5
x: -0.125 y: 0.5625 z: 0.5625
x: 0.0625 y: 0.0625 z: 0.75
 ---- face 11 drawn at: 
x: -0.5 y: 0 z: 0.5
x: 0.0625 y: 0.0625 z: 0.75
x: -0.125 y: 0.5625 z: 0.5625
 ---- face 12 drawn at: 
x: 0.5 y: 0.5 z: 0.5
x: 0.5625 y: -0.125 z: 0.5625
x: 0.0625 y: 0.0625 z: 0.75
 ---- face 13 drawn at: 
x: -0.5 y: -0.5 z: 0.5
x: 0.0625 y: 0.0625 z: 0.75
x: 0 y: -0.5 z: 0.5
 ---- face 14 drawn at: 
x: 0.5 y: -0.5 z: 0.5
x: 0 y: -0.5 z: 0.5
x: 0.5625 y: -0.125 z: 0.5625
 ---- face 15 drawn at: 
x: 0.0625 y: 0.0625 z: 0.75
x: 0.5625 y: -0.125 z: 0.5625
x: 0 y: -0.5 z: 0.5
 ---- face 16 drawn at: 
x: -0.5 y: -0.5 z: 0.5
x: 0 y: -0.5 z: 0.5
x: -0.5625 y: -0.5625 z: 0.125
 ---- face 17 drawn at: 
x: -0.5 y: -0.5 z: -0.5
x: -0.5625 y: -0.5625 z: 0.125
x: -0.0625 y: -0.75 z: -0.0625
 ---- face 18 drawn at: 
x: -0.5 y: -0.5 z: -0.5
x: -0.0625 y: -0.75 z: -0.0625
x: 0 y: -0.5 z: 0.5
 ---- face 19 drawn at: 
x: -0.5625 y: -0.5625 z: 0.125
x: 0 y: -0.5 z: 0.5
x: -0.0625 y: -0.75 z: -0.0625
 ---- face 20 drawn at: 
x: 0.5 y: -0.5 z: 0.5
x: 0.5 y: -0.5 z: 0
x: -0.0625 y: -0.75 z: -0.0625
 ---- face 21 drawn at: 
x: -0.5 y: -0.5 z: -0.5
x: -0.0625 y: -0.75 z: -0.0625
x: 0.125 y: -0.5625 z: -0.5625
 ---- face 22 drawn at: 
x: 0.5 y: -0.5 z: -0.5
x: 0.125 y: -0.5625 z: -0.5625
x: 0.5 y: -0.5 z: 0
 ---- face 23 drawn at: 
x: -0.0625 y: -0.75 z: -0.0625
x: 0.5 y: -0.5 z: 0
x: 0.125 y: -0.5625 z: -0.5625
 ---- face 24 drawn at: 
x: -0.5 y: -0.5 z: -0.5
x: -0.0625 y: -0.0625 z: -0.75
x: 0.125 y: -0.5625 z: -0.5625
 ---- face 25 drawn at: 
x: 0.5 y: -0.5 z: -0.5
x: 0.125 y: -0.5625 z: -0.5625
x: 0.5 y: 0 z: -0.5
 ---- face 26 drawn at: 
x: 0.5 y: -0.5 z: -0.5
x: 0.5 y: 0 z: -0.5
x: -0.0625 y: -0.0625 z: -0.75
 ---- face 27 drawn at: 
x: 0.125 y: -0.5625 z: -0.5625
x: -0.0625 y: -0.0625 z: -0.75
x: 0.5 y: 0 z: -0.5
 ---- face 28 drawn at: 
x: -0.5 y: 0.5 z: -0.5
x: 0 y: 0.5 z: -0.5
x: -0.5625 y: 0.125 z: -0.5625
 ---- face 29 drawn at: 
x: -0.5 y: -0.5 z: -0.5
x: -0.5625 y: 0.125 z: -0.5625
x: -0.0625 y: -0.0625 z: -0.75
 ---- face 30 drawn at: 
x: -0.5 y: -0.5 z: -0.5
x: -0.0625 y: -0.0625 z: -0.75
x: 0 y: 0.5 z: -0.5
 ---- face 31 drawn at: 
x: -0.5625 y: 0.125 z: -0.5625
x: 0 y: 0.5 z: -0.5
x: -0.0625 y: -0.0625 z: -0.75
 ---- face 32 drawn at: 
x: -0.5 y: 0.5 z: 0.5
x: -0.75 y: -0.0625 z: -0.0625
x: -0.5 y: 0.5 z: 0
 ---- face 33 drawn at: 
x: -0.5 y: 0.5 z: -0.5
x: -0.5 y: 0.5 z: 0
x: -0.5625 y: 0.125 z: -0.5625
 ---- face 34 drawn at: 
x: -0.5 y: 0.5 z: -0.5
x: -0.5625 y: 0.125 z: -0.5625
x: -0.75 y: -0.0625 z: -0.0625
 ---- face 35 drawn at: 
x: -0.5 y: 0.5 z: 0
x: -0.75 y: -0.0625 z: -0.0625
x: -0.5625 y: 0.125 z: -0.5625
 ---- face 36 drawn at: 
x: -0.5 y: 0.5 z: 0.5
x: -0.5 y: 0 z: 0.5
x: -0.75 y: -0.0625 z: -0.0625
 ---- face 37 drawn at: 
x: -0.5 y: -0.5 z: -0.5
x: -0.75 y: -0.0625 z: -0.0625
x: -0.5625 y: -0.5625 z: 0.125
 ---- face 38 drawn at: 
x: -0.5 y: -0.5 z: -0.5
x: -0.5625 y: -0.5625 z: 0.125
x: -0.5 y: 0 z: 0.5
 ---- face 39 drawn at: 
x: -0.75 y: -0.0625 z: -0.0625
x: -0.5 y: 0 z: 0.5
x: -0.5625 y: -0.5625 z: 0.125
 ---- face 40 drawn at: 
x: 0.5 y: 0.5 z: -0.5
x: 0.5625 y: 0.5625 z: -0.125
x: 0.5 y: 0 z: -0.5
 ---- face 41 drawn at: 
x: 0.5 y: -0.5 z: -0.5
x: 0.5 y: 0 z: -0.5
x: 0.75 y: 0.0625 z: 0.0625
 ---- face 42 drawn at: 
x: 0.5 y: -0.5 z: -0.5
x: 0.75 y: 0.0625 z: 0.0625
x: 0.5625 y: 0.5625 z: -0.125
 ---- face 43 drawn at: 
x: 0.5 y: 0 z: -0.5
x: 0.5625 y: 0.5625 z: -0.125
x: 0.75 y: 0.0625 z: 0.0625
 ---- face 44 drawn at: 
x: 0.5 y: 0.5 z: 0.5
x: 0.5625 y: -0.125 z: 0.5625
x: 0.75 y: 0.0625 z: 0.0625
 ---- face 45 drawn at: 
x: 0.5 y: -0.5 z: -0.5
x: 0.75 y: 0.0625 z: 0.0625
x: 0.5 y: -0.5 z: 0
 ---- face 46 drawn at: 
x: 0.5 y: -0.5 z: -0.5
x: 0.5 y: -0.5 z: 0
x: 0.5625 y: -0.125 z: 0.5625
 ---- face 47 drawn at: 
x: 0.75 y: 0.0625 z: 0.0625
x: 0.5625 y: -0.125 z: 0.5625
x: 0.5 y: -0.5 z: 0
Face Array has 48 inside.
Edge Array has 144 inside.
Vertex Array has 26 inside.
Key release detected
Key release detected
