cube starts setting up!
cube Vertices set up
cube Edges set up
cube Faces set up
Edge 0 toStr is: x: -0.5 y: 0.5 z: 0.5 x: 0.5 y: 0.5 z: 0.5
Edge 1 toStr is: x: 0.5 y: 0.5 z: 0.5 x: 0.5 y: 0.5 z: -0.5
Edge 2 toStr is: x: 0.5 y: 0.5 z: -0.5 x: -0.5 y: 0.5 z: -0.5
Edge 3 toStr is: x: -0.5 y: 0.5 z: -0.5 x: -0.5 y: 0.5 z: 0.5
Edge 4 toStr is: x: 0.5 y: 0.5 z: 0.5 x: -0.5 y: 0.5 z: -0.5
Edge 5 toStr is: x: 0.5 y: -0.5 z: 0.5 x: 0.5 y: 0.5 z: 0.5
Edge 6 toStr is: x: -0.5 y: -0.5 z: 0.5 x: 0.5 y: -0.5 z: 0.5
Edge 7 toStr is: x: -0.5 y: -0.5 z: 0.5 x: -0.5 y: 0.5 z: 0.5
Edge 8 toStr is: x: 0.5 y: 0.5 z: 0.5 x: -0.5 y: -0.5 z: 0.5
Edge 9 toStr is: x: -0.5 y: -0.5 z: 0.5 x: -0.5 y: -0.5 z: -0.5
Edge 10 toStr is: x: 0.5 y: -0.5 z: -0.5 x: 0.5 y: -0.5 z: 0.5
Edge 11 toStr is: x: -0.5 y: -0.5 z: -0.5 x: 0.5 y: -0.5 z: -0.5
Edge 12 toStr is: x: -0.5 y: -0.5 z: -0.5 x: 0.5 y: -0.5 z: 0.5
Edge 13 toStr is: x: -0.5 y: 0.5 z: -0.5 x: -0.5 y: -0.5 z: -0.5
Edge 14 toStr is: x: 0.5 y: -0.5 z: -0.5 x: 0.5 y: 0.5 z: -0.5
Edge 15 toStr is: x: -0.5 y: -0.5 z: -0.5 x: 0.5 y: 0.5 z: -0.5
Edge 16 toStr is: x: -0.5 y: 0.5 z: 0.5 x: -0.5 y: -0.5 z: -0.5
Edge 17 toStr is: x: 0.5 y: 0.5 z: 0.5 x: 0.5 y: -0.5 z: -0.5

loop
point3 Index 1
loop
point3 Index 1
loop
point3 Index 1
loop
point3 Index 1
loop
point3 Index 1
loop
point3 Index 1
loop
point3 Index 1
loop
point3 Index 1
loop
point3 Index 1
loop
point3 Index 1
loop
point3 Index 1
loop
point3 Index 1
owch x: 0 y: 0.5 z: -0.5
owch x: 0.0625 y: 0.75 z: 0.0625
owch x: 0.5625 y: 0.5625 z: -0.125
owch x: 0.5 y: 0.5 z: -0.5
owch x: -0.5 y: 0.5 z: -0.5
owch x: 0.5 y: 0.5 z: 0.5
owch x: -0.5 y: 0.5 z: 0
owch x: -0.125 y: 0.5625 z: 0.5625
owch x: -0.5 y: 0.5 z: 0.5
owch x: -0.5 y: 0 z: 0.5
owch x: 0.0625 y: 0.0625 z: 0.75
owch x: -0.5 y: -0.5 z: 0.5
owch x: 0 y: -0.5 z: 0.5
owch x: 0.5625 y: -0.125 z: 0.5625
owch x: 0.5 y: -0.5 z: 0.5
owch x: -0.5625 y: -0.5625 z: 0.125
owch x: -0.0625 y: -0.75 z: -0.0625
owch x: -0.5 y: -0.5 z: -0.5
owch x: 0.125 y: -0.5625 z: -0.5625
owch x: 0.5 y: -0.5 z: 0
owch x: 0.5 y: -0.5 z: -0.5
owch x: 0.5 y: 0 z: -0.5
owch x: -0.0625 y: -0.0625 z: -0.75
owch x: -0.5625 y: 0.125 z: -0.5625
owch x: -0.75 y: -0.0625 z: -0.0625
owch x: 0.75 y: 0.0625 z: 0.0625

 ---- face 0 drawn at: 
x: 0.0625 y: 0.75 z: 0.0625
x: 0.5625 y: 0.5625 z: -0.125
x: 0 y: 0.5 z: -0.5
 ---- face 1 drawn at: 
x: 0.0625 y: 0.75 z: 0.0625
x: -0.125 y: 0.5625 z: 0.5625
x: -0.5 y: 0.5 z: 0
 ---- face 2 drawn at: 
x: 0.0625 y: 0.75 z: 0.0625
x: 0.0625 y: 0.0625 z: 0.75
x: -0.5 y: 0 z: 0.5
 ---- face 3 drawn at: 
x: 0.0625 y: 0.75 z: 0.0625
x: 0.5625 y: -0.125 z: 0.5625
x: 0.0625 y: 0.0625 z: 0.75
 ---- face 4 drawn at: 
x: 0.0625 y: 0.75 z: 0.0625
x: -0.0625 y: -0.75 z: -0.0625
x: -0.5625 y: -0.5625 z: 0.125
 ---- face 5 drawn at: 
x: 0.0625 y: 0.75 z: 0.0625
x: 0.5 y: -0.5 z: 0
x: -0.0625 y: -0.75 z: -0.0625
 ---- face 6 drawn at: 
x: 0.0625 y: 0.75 z: 0.0625
x: -0.0625 y: -0.0625 z: -0.75
x: 0.125 y: -0.5625 z: -0.5625
 ---- face 7 drawn at: 
x: 0.0625 y: 0.75 z: 0.0625
x: -0.0625 y: -0.0625 z: -0.75
x: -0.5625 y: 0.125 z: -0.5625
 ---- face 8 drawn at: 
x: 0.0625 y: 0.75 z: 0.0625
x: -0.75 y: -0.0625 z: -0.0625
x: -0.5 y: 0.5 z: 0
 ---- face 9 drawn at: 
x: 0.0625 y: 0.75 z: 0.0625
x: -0.5625 y: -0.5625 z: 0.125
x: -0.75 y: -0.0625 z: -0.0625
 ---- face 10 drawn at: 
x: 0.0625 y: 0.75 z: 0.0625
x: 0.75 y: 0.0625 z: 0.0625
x: 0.5 y: 0 z: -0.5
 ---- face 11 drawn at: 
x: 0.0625 y: 0.75 z: 0.0625
x: 0.5 y: -0.5 z: 0
x: 0.75 y: 0.0625 z: 0.0625
